{
  {
    y = 1,
    x = 13,
    turtleId = 30,
    z = 29,
    timestamp = 21.317222595215,
  },
  {
    y = 1,
    x = 13,
    turtleId = 31,
    z = 31,
    timestamp = 21.317222595215,
  },
  {
    y = 1,
    x = 13,
    turtleId = 29,
    z = 27,
    timestamp = 21.317222595215,
  },
}