{
  {
    y = 1,
    x = 24,
    turtleId = 31,
    z = 75,
    timestamp = 21.043888092041,
  },
  {
    y = 1,
    x = 25,
    turtleId = 31,
    z = 75,
    timestamp = 21.043888092041,
  },
  {
    y = 1,
    x = 26,
    turtleId = 31,
    z = 75,
    timestamp = 21.044166564941,
  },
}